UNITS=INCH
#Layer_Color=8388736
#
#Feature symbol names
#
$0 r0.9843
$1 r1.9685
$2 r1

#
#Feature attribute names
#

#
#Layer features
#
A 1.1848425 3.45 1.1848425 3.45 1.175 3.45 0 P 0 N
A 1.2348425 2.95 1.2348425 2.95 1.225 2.95 0 P 0 N
A 1.35 2.4 1.35 2.4 1.2 2.4 2 P 0 N
A 1.35 4.652 1.35 4.652 1.2 4.652 2 P 0 N
A 1.425 2.7070079 1.425 2.8329921 1.425 2.77 2 P 0 N
A 1.425 2.8329921 1.425 2.7070079 1.425 2.77 2 P 0 N
A 1.4870079 4.4 1.6129921 4.4 1.55 4.4 2 P 0 N
A 1.5713651 2.655 1.5713651 2.655 1.5615226 2.655 0 P 0 N
A 1.5848425 2.32 1.5848425 2.32 1.575 2.32 0 P 0 N
A 1.6129921 4.4 1.4870079 4.4 1.55 4.4 2 P 0 N
A 1.6598425 2.4749999 1.6598425 2.4749999 1.65 2.4749999 0 P 0 N
A 1.6598425 2.825 1.6598425 2.825 1.65 2.825 0 P 0 N
A 1.6598425 2.925 1.6598425 2.925 1.65 2.925 1 P 0 N
A 1.7198425 3.53 1.7198425 3.53 1.71 3.53 1 P 0 N
A 1.7213651 2.68 1.7213651 2.68 1.7115226 2.68 0 P 0 N
A 1.7598425 2.35 1.7598425 2.35 1.75 2.35 1 P 0 N
A 1.7848425 3.1 1.7848425 3.1 1.775 3.1 0 P 0 N
A 1.7848425 3.35 1.7848425 3.35 1.775 3.35 0 P 0 N
A 1.8848425 4.25 1.8848425 4.25 1.875 4.25 0 P 0 N
A 1.8848425 4.35 1.8848425 4.35 1.875 4.35 0 P 0 N
A 1.8963651 2.605 1.8963651 2.605 1.8865226 2.605 0 P 0 N
A 1.8963651 2.705 1.8963651 2.705 1.8865226 2.705 1 P 0 N
A 2.0848425 4.075 2.0848425 4.075 2.075 4.075 0 P 0 N
A 2.0848425 4.3 2.0848425 4.3 2.075 4.3 0 P 0 N
A 2.2848425 4.225 2.2848425 4.225 2.275 4.225 1 P 0 N
A 2.3098425 4.4 2.3098425 4.4 2.3 4.4 0 P 0 N
A 2.3848425 4.225 2.3848425 4.225 2.375 4.225 1 P 0 N
A 2.7098425 2.35 2.7098425 2.35 2.7 2.35 0 P 0 N
A 2.7348425 2.825 2.7348425 2.825 2.725 2.825 0 P 0 N
A 2.7348425 3.475 2.7348425 3.475 2.725 3.475 0 P 0 N
A 2.7348425 3.575 2.7348425 3.575 2.725 3.575 0 P 0 N
A 2.7348425 3.675 2.7348425 3.675 2.725 3.675 0 P 0 N
A 2.7870079 2.575 2.9129921 2.575 2.85 2.575 2 P 0 N
A 2.8348425 2.35 2.8348425 2.35 2.825 2.35 1 P 0 N
A 2.8348425 2.825 2.8348425 2.825 2.825 2.825 0 P 0 N
A 2.8598425 3.2 2.8598425 3.2 2.85 3.2 1 P 0 N
A 2.8598425 3.325 2.8598425 3.325 2.85 3.325 1 P 0 N
A 2.9129921 2.575 2.7870079 2.575 2.85 2.575 2 P 0 N
A 2.9348425 2.825 2.9348425 2.825 2.925 2.825 0 P 0 N
A 2.9848425 3.525 2.9848425 3.525 2.975 3.525 0 P 0 N
A 3.0048425 2.325 3.0048425 2.325 2.995 2.325 0 P 0 N
A 3.1848425 4.075 3.1848425 4.075 3.175 4.075 0 P 0 N
A 3.1848425 4.3 3.1848425 4.3 3.175 4.3 0 P 0 N
A 3.2098425 3.4 3.2098425 3.4 3.2 3.4 1 P 0 N
A 3.2998425 3.70437 3.2998425 3.70437 3.29 3.70437 0 P 0 N
A 3.3098425 3.4 3.3098425 3.4 3.3 3.4 1 P 0 N
A 3.3348425 4.15 3.3348425 4.15 3.325 4.15 1 P 0 N
A 3.3470079 3.88 3.4729921 3.88 3.41 3.88 2 P 0 N
A 3.3848425 4.375 3.3848425 4.375 3.375 4.375 0 P 0 N
A 3.4348425 4.15 3.4348425 4.15 3.425 4.15 1 P 0 N
A 3.4729921 3.88 3.3470079 3.88 3.41 3.88 2 P 0 N
A 3.5598425 3.3 3.5598425 3.3 3.55 3.3 1 P 0 N
A 3.5898425 3.18 3.5898425 3.18 3.58 3.18 1 P 0 N
A 3.6042125 4.41 3.6042125 4.41 3.59437 4.41 0 P 0 N
A 3.6042125 4.51 3.6042125 4.51 3.59437 4.51 0 P 0 N
A 3.6120079 4.1 3.7379921 4.1 3.675 4.1 2 P 0 N
A 3.6598425 2.825 3.6598425 2.825 3.65 2.825 0 P 0 N
A 3.7379921 4.1 3.6120079 4.1 3.675 4.1 2 P 0 N
A 3.7598425 3.1 3.7598425 3.1 3.75 3.1 0 P 0 N
A 3.7598425 3.35 3.7598425 3.35 3.75 3.35 0 P 0 N
A 3.7848425 2.825 3.7848425 2.825 3.775 2.825 0 P 0 N
A 3.8698425 3.475 3.8698425 3.475 3.86 3.475 0 P 0 N
A 3.9098425 2.825 3.9098425 2.825 3.9 2.825 0 P 0 N
A 3.9348425 4.125 3.9348425 4.125 3.925 4.125 1 P 0 N
A 3.9598425 3.75 3.9598425 3.75 3.95 3.75 0 P 0 N
A 4.0070079 3.235 4.1329921 3.235 4.07 3.235 2 P 0 N
A 4.0348425 4.125 4.0348425 4.125 4.025 4.125 1 P 0 N
A 4.0370079 2.945 4.1629921 2.945 4.1 2.945 2 P 0 N
A 4.0848425 3.75 4.0848425 3.75 4.075 3.75 0 P 0 N
A 4.1329921 3.235 4.0070079 3.235 4.07 3.235 2 P 0 N
A 4.1598425 4 4.1598425 4 4.15 4 1 P 0 N
A 4.1598425 4.25 4.1598425 4.25 4.15 4.25 0 P 0 N
A 4.1629921 2.945 4.0370079 2.945 4.1 2.945 2 P 0 N
A 4.2098425 3.75 4.2098425 3.75 4.2 3.75 0 P 0 N
A 4.2620079 4.44 4.3879921 4.44 4.325 4.44 2 P 0 N
A 4.3348425 3.05 4.3348425 3.05 4.325 3.05 0 P 0 N
A 4.3348425 3.75 4.3348425 3.75 4.325 3.75 0 P 0 N
A 4.3348425 3.95 4.3348425 3.95 4.325 3.95 0 P 0 N
A 4.3348425 4.05 4.3348425 4.05 4.325 4.05 0 P 0 N
A 4.3848425 2.875 4.3848425 2.875 4.375 2.875 0 P 0 N
A 4.3879921 4.44 4.2620079 4.44 4.325 4.44 2 P 0 N
A 4.4120079 2.975 4.5379921 2.975 4.475 2.975 2 P 0 N
A 4.4348425 3.2 4.4348425 3.2 4.425 3.2 1 P 0 N
A 4.4348425 3.3 4.4348425 3.3 4.425 3.3 1 P 0 N
A 4.5379921 2.975 4.4120079 2.975 4.475 2.975 2 P 0 N
A 4.65 2.4 4.65 2.4 4.5 2.4 2 P 0 N
A 4.65 4.652 4.65 4.652 4.5 4.652 2 P 0 N
L 0.8531496 3.1346457 0.8531496 3.3866142 2 P 0
L 0.8531496 3.1346457 1.5933071 3.1346457 2 P 0
L 0.8531496 3.3866142 1.5933071 3.3866142 2 P 0
L 0.8988189 3.7732283 0.8988189 4.4267717 0 P 0
L 0.8988189 3.7732283 1.4188976 3.7732283 0 P 0
L 0.8988189 4.4267717 1.4188976 4.4267717 0 P 0
L 0.9635827 2.8860236 0.9635827 3.0139764 0 P 0
L 0.9635827 2.8860236 1.0354331 2.8860236 0 P 0
L 0.9635827 3.0139764 1.0354331 3.0139764 0 P 0
L 1.0354331 2.8860236 1.0354331 3.0139764 0 P 0
L 1.1202756 3.4228346 1.1202756 3.4771654 0 P 0
L 1.1202756 3.4228346 1.2297244 3.4228346 0 P 0
L 1.1202756 3.4771654 1.2297244 3.4771654 0 P 0
L 1.1435039 3.4332677 1.1435039 3.4667323 0 P 0
L 1.1435039 3.4332677 1.155315 3.4332677 0 P 0
L 1.1435039 3.4332677 1.2064961 3.4332677 0 P 0
L 1.1435039 3.4667323 1.155315 3.4667323 0 P 0
L 1.1435039 3.4667323 1.2064961 3.4667323 0 P 0
L 1.155315 3.4332677 1.155315 3.4667323 0 P 0
L 1.1614173 3.45 1.1885827 3.45 0 P 0
L 1.175 3.4364173 1.175 3.4635827 0 P 0
L 1.194685 3.4332677 1.194685 3.4667323 0 P 0
L 1.194685 3.4332677 1.2064961 3.4332677 0 P 0
L 1.194685 3.4667323 1.2064961 3.4667323 0 P 0
L 1.1978346 2.8952756 1.1978346 3.0047244 0 P 0
L 1.1978346 2.8952756 1.2521654 2.8952756 0 P 0
L 1.1978346 3.0047244 1.2521654 3.0047244 0 P 0
L 1.2064961 3.4332677 1.2064961 3.4667323 0 P 0
L 1.2082677 2.9185039 1.2082677 2.930315 0 P 0
L 1.2082677 2.9185039 1.2082677 2.9814961 0 P 0
L 1.2082677 2.9185039 1.2417323 2.9185039 0 P 0
L 1.2082677 2.930315 1.2417323 2.930315 0 P 0
L 1.2082677 2.969685 1.2082677 2.9814961 0 P 0
L 1.2082677 2.969685 1.2417323 2.969685 0 P 0
L 1.2082677 2.9814961 1.2417323 2.9814961 0 P 0
L 1.2114173 2.95 1.2385827 2.95 0 P 0
L 1.225 2.9364173 1.225 2.9635827 0 P 0
L 1.2297244 3.4228346 1.2297244 3.4771654 0 P 0
L 1.2417323 2.9185039 1.2417323 2.930315 0 P 0
L 1.2417323 2.9185039 1.2417323 2.9814961 0 P 0
L 1.2417323 2.969685 1.2417323 2.9814961 0 P 0
L 1.2521654 2.8952756 1.2521654 3.0047244 0 P 0
L 1.4188976 3.7732283 1.4188976 4.4267717 0 P 0
L 1.5106299 3.8559449 1.5106299 3.9740551 0 P 0
L 1.5106299 3.8559449 1.5893701 3.8559449 0 P 0
L 1.5106299 3.9740551 1.5893701 3.9740551 0 P 0
L 1.5106299 4.0309449 1.5106299 4.1490551 0 P 0
L 1.5106299 4.0309449 1.5893701 4.0309449 0 P 0
L 1.5106299 4.1490551 1.5893701 4.1490551 0 P 0
L 1.5106299 4.1959449 1.5106299 4.3140551 0 P 0
L 1.5106299 4.1959449 1.5893701 4.1959449 0 P 0
L 1.5106299 4.3140551 1.5893701 4.3140551 0 P 0
L 1.5202756 2.2928346 1.5202756 2.3471654 0 P 0
L 1.5202756 2.2928346 1.6297244 2.2928346 0 P 0
L 1.5202756 2.3471654 1.6297244 2.3471654 0 P 0
L 1.5307087 4.5326772 1.5307087 5.3673228 2 P 0
L 1.5307087 4.5326772 1.8692913 4.5326772 2 P 0
L 1.5307087 5.3673228 1.8692913 5.3673228 2 P 0
L 1.5343572 2.6002756 1.5343572 2.7097244 0 P 0
L 1.5343572 2.6002756 1.588688 2.6002756 0 P 0
L 1.5343572 2.7097244 1.588688 2.7097244 0 P 0
L 1.5435039 2.3032677 1.5435039 2.3367323 0 P 0
L 1.5435039 2.3032677 1.555315 2.3032677 0 P 0
L 1.5435039 2.3032677 1.6064961 2.3032677 0 P 0
L 1.5435039 2.3367323 1.555315 2.3367323 0 P 0
L 1.5435039 2.3367323 1.6064961 2.3367323 0 P 0
L 1.5447903 2.6235039 1.5447903 2.635315 0 P 0
L 1.5447903 2.6235039 1.5447903 2.6864961 0 P 0
L 1.5447903 2.6235039 1.5782549 2.6235039 0 P 0
L 1.5447903 2.635315 1.5782549 2.635315 0 P 0
L 1.5447903 2.674685 1.5447903 2.6864961 0 P 0
L 1.5447903 2.674685 1.5782549 2.674685 0 P 0
L 1.5447903 2.6864961 1.5782549 2.6864961 0 P 0
L 1.5479399 2.655 1.5751053 2.655 0 P 0
L 1.555315 2.3032677 1.555315 2.3367323 0 P 0
L 1.5614173 2.32 1.5885827 2.32 0 P 0
L 1.5615226 2.6414173 1.5615226 2.6685827 0 P 0
L 1.575 2.3064173 1.575 2.3335827 0 P 0
L 1.5782549 2.6235039 1.5782549 2.635315 0 P 0
L 1.5782549 2.6235039 1.5782549 2.6864961 0 P 0
L 1.5782549 2.674685 1.5782549 2.6864961 0 P 0
L 1.588688 2.6002756 1.588688 2.7097244 0 P 0
L 1.5893701 3.8559449 1.5893701 3.9740551 0 P 0
L 1.5893701 4.0309449 1.5893701 4.1490551 0 P 0
L 1.5893701 4.1959449 1.5893701 4.3140551 0 P 0
L 1.5933071 3.1346457 1.5933071 3.3866142 2 P 0
L 1.594685 2.3032677 1.594685 2.3367323 0 P 0
L 1.594685 2.3032677 1.6064961 2.3032677 0 P 0
L 1.594685 2.3367323 1.6064961 2.3367323 0 P 0
L 1.5952756 2.4478345 1.5952756 2.5021653 0 P 0
L 1.5952756 2.4478345 1.7047244 2.4478345 0 P 0
L 1.5952756 2.5021653 1.7047244 2.5021653 0 P 0
L 1.5952756 2.7978346 1.5952756 2.8521654 0 P 0
L 1.5952756 2.7978346 1.7047244 2.7978346 0 P 0
L 1.5952756 2.8521654 1.7047244 2.8521654 0 P 0
L 1.5954724 2.8980315 1.5954724 2.9519685 1 P 0
L 1.5954724 2.8980315 1.7045276 2.8980315 1 P 0
L 1.5954724 2.9519685 1.7045276 2.9519685 1 P 0
L 1.6064961 2.3032677 1.6064961 2.3367323 0 P 0
L 1.6185039 2.4582676 1.6185039 2.4917322 0 P 0
L 1.6185039 2.4582676 1.630315 2.4582676 0 P 0
L 1.6185039 2.4582676 1.6814961 2.4582676 0 P 0
L 1.6185039 2.4917322 1.630315 2.4917322 0 P 0
L 1.6185039 2.4917322 1.6814961 2.4917322 0 P 0
L 1.6185039 2.8082677 1.6185039 2.8417323 0 P 0
L 1.6185039 2.8082677 1.630315 2.8082677 0 P 0
L 1.6185039 2.8082677 1.6814961 2.8082677 0 P 0
L 1.6185039 2.8417323 1.630315 2.8417323 0 P 0
L 1.6185039 2.8417323 1.6814961 2.8417323 0 P 0
L 1.6297244 2.2928346 1.6297244 2.3471654 0 P 0
L 1.630315 2.4582676 1.630315 2.4917322 0 P 0
L 1.630315 2.8082677 1.630315 2.8417323 0 P 0
L 1.6342126 3.0368898 1.6342126 3.1631102 0 P 0
L 1.6342126 3.0368898 1.6601575 3.0368898 0 P 0
L 1.6342126 3.1631102 1.6601575 3.1631102 0 P 0
L 1.6342126 3.2868898 1.6342126 3.4131102 0 P 0
L 1.6342126 3.2868898 1.6601575 3.2868898 0 P 0
L 1.6342126 3.4131102 1.6601575 3.4131102 0 P 0
L 1.6364045 2.6222047 1.6364045 2.7377953 0 P 0
L 1.6364045 2.6222047 1.6691998 2.6222047 0 P 0
L 1.6364045 2.7377953 1.6691998 2.7377953 0 P 0
L 1.6364173 2.4749999 1.6635827 2.4749999 0 P 0
L 1.6364173 2.825 1.6635827 2.825 0 P 0
L 1.6364173 2.925 1.6635827 2.925 1 P 0
L 1.65 2.4614172 1.65 2.4885826 0 P 0
L 1.65 2.8114173 1.65 2.8385827 0 P 0
L 1.65 2.9114173 1.65 2.9385827 1 P 0
L 1.6554724 3.5030315 1.6554724 3.5569685 1 P 0
L 1.6554724 3.5030315 1.7645276 3.5030315 1 P 0
L 1.6554724 3.5569685 1.7645276 3.5569685 1 P 0
L 1.6601575 2.9858268 1.6601575 3.0368898 0 P 0
L 1.6601575 2.9858268 1.8898425 2.9858268 0 P 0
L 1.6601575 3.1631102 1.6601575 3.2141732 0 P 0
L 1.6601575 3.2141732 1.8898425 3.2141732 0 P 0
L 1.6601575 3.2358268 1.6601575 3.2868898 0 P 0
L 1.6601575 3.2358268 1.8898425 3.2358268 0 P 0
L 1.6601575 3.4131102 1.6601575 3.4641732 0 P 0
L 1.6601575 3.4641732 1.8898425 3.4641732 0 P 0
L 1.6691998 2.6130709 1.6691998 2.6222047 0 P 0
L 1.6691998 2.6130709 1.7538454 2.6130709 0 P 0
L 1.6691998 2.7377953 1.6691998 2.7469291 0 P 0
L 1.6691998 2.7469291 1.7538454 2.7469291 0 P 0
L 1.669685 2.4582676 1.669685 2.4917322 0 P 0
L 1.669685 2.4582676 1.6814961 2.4582676 0 P 0
L 1.669685 2.4917322 1.6814961 2.4917322 0 P 0
L 1.669685 2.8082677 1.669685 2.8417323 0 P 0
L 1.669685 2.8082677 1.6814961 2.8082677 0 P 0
L 1.669685 2.8417323 1.6814961 2.8417323 0 P 0
L 1.6814961 2.4582676 1.6814961 2.4917322 0 P 0
L 1.6814961 2.8082677 1.6814961 2.8417323 0 P 0
L 1.6848425 2.3090551 1.6848425 2.3909449 1 P 0
L 1.6848425 2.3090551 1.7145669 2.3090551 1 P 0
L 1.6848425 2.3909449 1.7145669 2.3909449 1 P 0
L 1.6964173 3.53 1.7235827 3.53 1 P 0
L 1.6977431 2.68 1.7253021 2.68 0 P 0
L 1.7045276 2.8980315 1.7045276 2.9519685 1 P 0
L 1.7047244 2.4478345 1.7047244 2.5021653 0 P 0
L 1.7047244 2.7978346 1.7047244 2.8521654 0 P 0
L 1.71 3.5164173 1.71 3.5435827 1 P 0
L 1.7115226 2.6662205 1.7115226 2.6937795 0 P 0
L 1.7145669 2.2996063 1.7145669 2.3090551 1 P 0
L 1.7145669 2.2996063 1.7854331 2.2996063 1 P 0
L 1.7145669 2.3909449 1.7145669 2.4003937 1 P 0
L 1.7145669 2.4003937 1.7854331 2.4003937 1 P 0
L 1.7362205 2.35 1.7637795 2.35 1 P 0
L 1.75 2.3362205 1.75 2.3637795 1 P 0
L 1.7538454 2.6130709 1.7538454 2.6222047 0 P 0
L 1.7538454 2.6222047 1.7866407 2.6222047 0 P 0
L 1.7538454 2.7377953 1.7538454 2.7469291 0 P 0
L 1.7538454 2.7377953 1.7866407 2.7377953 0 P 0
L 1.7612205 3.1 1.7887795 3.1 0 P 0
L 1.7612205 3.35 1.7887795 3.35 0 P 0
L 1.7645276 3.5030315 1.7645276 3.5569685 1 P 0
L 1.775 3.0862205 1.775 3.1137795 0 P 0
L 1.775 3.3362205 1.775 3.3637795 0 P 0
L 1.7854331 2.2996063 1.7854331 2.3346457 1 P 0
L 1.7854331 2.3346457 1.8151575 2.3346457 1 P 0
L 1.7854331 2.3653543 1.7854331 2.4003937 1 P 0
L 1.7854331 2.3653543 1.8151575 2.3653543 1 P 0
L 1.7866407 2.6222047 1.7866407 2.7377953 0 P 0
L 1.8110236 2.1635827 1.8110236 2.2354331 0 P 0
L 1.8110236 2.1635827 1.9389764 2.1635827 0 P 0
L 1.8110236 2.2354331 1.9389764 2.2354331 0 P 0
L 1.8151575 2.3346457 1.8151575 2.3653543 1 P 0
L 1.8202756 4.2228346 1.8202756 4.2771654 0 P 0
L 1.8202756 4.2228346 1.9297244 4.2228346 0 P 0
L 1.8202756 4.2771654 1.9297244 4.2771654 0 P 0
L 1.8202756 4.3228346 1.8202756 4.3771654 0 P 0
L 1.8202756 4.3228346 1.9297244 4.3228346 0 P 0
L 1.8202756 4.3771654 1.9297244 4.3771654 0 P 0
L 1.8317982 2.5778346 1.8317982 2.6321654 0 P 0
L 1.8317982 2.5778346 1.941247 2.5778346 0 P 0
L 1.8317982 2.6321654 1.941247 2.6321654 0 P 0
L 1.831995 2.6780315 1.831995 2.7319685 1 P 0
L 1.831995 2.6780315 1.9410502 2.6780315 1 P 0
L 1.831995 2.7319685 1.9410502 2.7319685 1 P 0
L 1.8435039 4.2332677 1.8435039 4.2667323 0 P 0
L 1.8435039 4.2332677 1.855315 4.2332677 0 P 0
L 1.8435039 4.2332677 1.9064961 4.2332677 0 P 0
L 1.8435039 4.2667323 1.855315 4.2667323 0 P 0
L 1.8435039 4.2667323 1.9064961 4.2667323 0 P 0
L 1.8435039 4.3332677 1.8435039 4.3667323 0 P 0
L 1.8435039 4.3332677 1.855315 4.3332677 0 P 0
L 1.8435039 4.3332677 1.9064961 4.3332677 0 P 0
L 1.8435039 4.3667323 1.855315 4.3667323 0 P 0
L 1.8435039 4.3667323 1.9064961 4.3667323 0 P 0
L 1.8550265 2.5882677 1.8550265 2.6217323 0 P 0
L 1.8550265 2.5882677 1.8668376 2.5882677 0 P 0
L 1.8550265 2.5882677 1.9180187 2.5882677 0 P 0
L 1.8550265 2.6217323 1.8668376 2.6217323 0 P 0
L 1.8550265 2.6217323 1.9180187 2.6217323 0 P 0
L 1.855315 4.2332677 1.855315 4.2667323 0 P 0
L 1.855315 4.3332677 1.855315 4.3667323 0 P 0
L 1.8614173 4.25 1.8885827 4.25 0 P 0
L 1.8614173 4.35 1.8885827 4.35 0 P 0
L 1.8668376 2.5882677 1.8668376 2.6217323 0 P 0
L 1.8692913 4.5326772 1.8692913 5.3673228 2 P 0
L 1.8729399 2.605 1.9001053 2.605 0 P 0
L 1.8729399 2.705 1.9001053 2.705 1 P 0
L 1.875 4.2364173 1.875 4.2635827 0 P 0
L 1.875 4.3364173 1.875 4.3635827 0 P 0
L 1.8865226 2.5914173 1.8865226 2.6185827 0 P 0
L 1.8865226 2.6914173 1.8865226 2.7185827 1 P 0
L 1.8898425 2.9858268 1.8898425 3.0368898 0 P 0
L 1.8898425 3.0368898 1.9157874 3.0368898 0 P 0
L 1.8898425 3.1631102 1.8898425 3.2141732 0 P 0
L 1.8898425 3.1631102 1.9157874 3.1631102 0 P 0
L 1.8898425 3.2358268 1.8898425 3.2868898 0 P 0
L 1.8898425 3.2868898 1.9157874 3.2868898 0 P 0
L 1.8898425 3.4131102 1.8898425 3.4641732 0 P 0
L 1.8898425 3.4131102 1.9157874 3.4131102 0 P 0
L 1.894685 4.2332677 1.894685 4.2667323 0 P 0
L 1.894685 4.2332677 1.9064961 4.2332677 0 P 0
L 1.894685 4.2667323 1.9064961 4.2667323 0 P 0
L 1.894685 4.3332677 1.894685 4.3667323 0 P 0
L 1.894685 4.3332677 1.9064961 4.3332677 0 P 0
L 1.894685 4.3667323 1.9064961 4.3667323 0 P 0
L 1.9062076 2.5882677 1.9062076 2.6217323 0 P 0
L 1.9062076 2.5882677 1.9180187 2.5882677 0 P 0
L 1.9062076 2.6217323 1.9180187 2.6217323 0 P 0
L 1.9064961 4.2332677 1.9064961 4.2667323 0 P 0
L 1.9064961 4.3332677 1.9064961 4.3667323 0 P 0
L 1.9157874 3.0368898 1.9157874 3.1631102 0 P 0
L 1.9157874 3.2868898 1.9157874 3.4131102 0 P 0
L 1.9180187 2.5882677 1.9180187 2.6217323 0 P 0
L 1.9297244 4.2228346 1.9297244 4.2771654 0 P 0
L 1.9297244 4.3228346 1.9297244 4.3771654 0 P 0
L 1.9389764 2.1635827 1.9389764 2.2354331 0 P 0
L 1.9410502 2.6780315 1.9410502 2.7319685 1 P 0
L 1.941247 2.5778346 1.941247 2.6321654 0 P 0
L 1.9687008 4.2137795 1.9687008 4.3862205 0 P 0
L 1.9687008 4.2137795 1.980315 4.2137795 0 P 0
L 1.9687008 4.3862205 1.980315 4.3862205 0 P 0
L 1.9712598 1.8312992 1.9712598 3.8037402 1 P 0
L 1.9712598 1.8312992 2.6287402 1.8312992 1 P 0
L 1.9712598 3.8037402 2.6287402 3.8037402 1 P 0
L 1.980315 4.155315 1.980315 4.2137795 0 P 0
L 1.980315 4.155315 2.169685 4.155315 0 P 0
L 1.980315 4.3862205 1.980315 4.444685 0 P 0
L 1.980315 4.444685 2.169685 4.444685 0 P 0
L 2.0202756 4.0478346 2.0202756 4.1021654 0 P 0
L 2.0202756 4.0478346 2.1297244 4.0478346 0 P 0
L 2.0202756 4.1021654 2.1297244 4.1021654 0 P 0
L 2.0435039 4.0582677 2.0435039 4.0917323 0 P 0
L 2.0435039 4.0582677 2.055315 4.0582677 0 P 0
L 2.0435039 4.0582677 2.1064961 4.0582677 0 P 0
L 2.0435039 4.0917323 2.055315 4.0917323 0 P 0
L 2.0435039 4.0917323 2.1064961 4.0917323 0 P 0
L 2.055315 4.0582677 2.055315 4.0917323 0 P 0
L 2.0600425 3.2978016 2.0600425 3.7229984 0 P 0
L 2.0600425 3.2978016 2.5403575 3.2978016 0 P 0
L 2.0600425 3.7229984 2.5403575 3.7229984 0 P 0
L 2.0612205 4.3 2.0887795 4.3 0 P 0
L 2.0614173 4.075 2.0885827 4.075 0 P 0
L 2.075 4.0614173 2.075 4.0885827 0 P 0
L 2.075 4.2862205 2.075 4.3137795 0 P 0
L 2.094685 4.0582677 2.094685 4.0917323 0 P 0
L 2.094685 4.0582677 2.1064961 4.0582677 0 P 0
L 2.094685 4.0917323 2.1064961 4.0917323 0 P 0
L 2.1064961 4.0582677 2.1064961 4.0917323 0 P 0
L 2.1297244 4.0478346 2.1297244 4.1021654 0 P 0
L 2.169685 4.155315 2.169685 4.2137795 0 P 0
L 2.169685 4.2137795 2.1812992 4.2137795 0 P 0
L 2.169685 4.3862205 2.169685 4.444685 0 P 0
L 2.169685 4.3862205 2.1812992 4.3862205 0 P 0
L 2.1812992 4.2137795 2.1812992 4.3862205 0 P 0
L 2.2452756 4.3728346 2.2452756 4.4271654 0 P 0
L 2.2452756 4.3728346 2.3547244 4.3728346 0 P 0
L 2.2452756 4.4271654 2.3547244 4.4271654 0 P 0
L 2.2480315 4.1704724 2.2480315 4.2795276 1 P 0
L 2.2480315 4.1704724 2.3019685 4.1704724 1 P 0
L 2.2480315 4.2795276 2.3019685 4.2795276 1 P 0
L 2.2557087 4.5326772 2.2557087 5.3673228 2 P 0
L 2.2557087 4.5326772 2.5942913 4.5326772 2 P 0
L 2.2557087 5.3673228 2.5942913 5.3673228 2 P 0
L 2.2614173 4.225 2.2885827 4.225 1 P 0
L 2.2685039 4.3832677 2.2685039 4.4167323 0 P 0
L 2.2685039 4.3832677 2.280315 4.3832677 0 P 0
L 2.2685039 4.3832677 2.3314961 4.3832677 0 P 0
L 2.2685039 4.4167323 2.280315 4.4167323 0 P 0
L 2.2685039 4.4167323 2.3314961 4.4167323 0 P 0
L 2.275 4.2114173 2.275 4.2385827 1 P 0
L 2.280315 4.3832677 2.280315 4.4167323 0 P 0
L 2.2864173 4.4 2.3135827 4.4 0 P 0
L 2.3 4.3864173 2.3 4.4135827 0 P 0
L 2.3019685 4.1704724 2.3019685 4.2795276 1 P 0
L 2.319685 4.3832677 2.319685 4.4167323 0 P 0
L 2.319685 4.3832677 2.3314961 4.3832677 0 P 0
L 2.319685 4.4167323 2.3314961 4.4167323 0 P 0
L 2.3314961 4.3832677 2.3314961 4.4167323 0 P 0
L 2.3480315 4.1704724 2.3480315 4.2795276 1 P 0
L 2.3480315 4.1704724 2.4019685 4.1704724 1 P 0
L 2.3480315 4.2795276 2.4019685 4.2795276 1 P 0
L 2.3547244 4.3728346 2.3547244 4.4271654 0 P 0
L 2.3614173 4.225 2.3885827 4.225 1 P 0
L 2.375 4.2114173 2.375 4.2385827 1 P 0
L 2.4019685 4.1704724 2.4019685 4.2795276 1 P 0
L 2.5403575 3.2978016 2.5403575 3.7229984 0 P 0
L 2.5942913 4.5326772 2.5942913 5.3673228 2 P 0
L 2.6287402 1.8312992 2.6287402 3.8037402 1 P 0
L 2.6610236 2.1635827 2.6610236 2.2354331 0 P 0
L 2.6610236 2.1635827 2.7889764 2.1635827 0 P 0
L 2.6610236 2.2354331 2.7889764 2.2354331 0 P 0
L 2.6702756 3.4478346 2.6702756 3.5021654 0 P 0
L 2.6702756 3.4478346 2.7797244 3.4478346 0 P 0
L 2.6702756 3.5021654 2.7797244 3.5021654 0 P 0
L 2.6702756 3.5478346 2.6702756 3.6021654 0 P 0
L 2.6702756 3.5478346 2.7797244 3.5478346 0 P 0
L 2.6702756 3.6021654 2.7797244 3.6021654 0 P 0
L 2.6702756 3.6478346 2.6702756 3.7021654 0 P 0
L 2.6702756 3.6478346 2.7797244 3.6478346 0 P 0
L 2.6702756 3.7021654 2.7797244 3.7021654 0 P 0
L 2.6728346 2.2952756 2.6728346 2.4047244 0 P 0
L 2.6728346 2.2952756 2.7271654 2.2952756 0 P 0
L 2.6728346 2.4047244 2.7271654 2.4047244 0 P 0
L 2.6832677 2.3185039 2.6832677 2.330315 0 P 0
L 2.6832677 2.3185039 2.6832677 2.3814961 0 P 0
L 2.6832677 2.3185039 2.7167323 2.3185039 0 P 0
L 2.6832677 2.330315 2.7167323 2.330315 0 P 0
L 2.6832677 2.369685 2.6832677 2.3814961 0 P 0
L 2.6832677 2.369685 2.7167323 2.369685 0 P 0
L 2.6832677 2.3814961 2.7167323 2.3814961 0 P 0
L 2.6864173 2.35 2.7135827 2.35 0 P 0
L 2.6935039 3.4582677 2.6935039 3.4917323 0 P 0
L 2.6935039 3.4582677 2.705315 3.4582677 0 P 0
L 2.6935039 3.4582677 2.7564961 3.4582677 0 P 0
L 2.6935039 3.4917323 2.705315 3.4917323 0 P 0
L 2.6935039 3.4917323 2.7564961 3.4917323 0 P 0
L 2.6935039 3.5582677 2.6935039 3.5917323 0 P 0
L 2.6935039 3.5582677 2.705315 3.5582677 0 P 0
L 2.6935039 3.5582677 2.7564961 3.5582677 0 P 0
L 2.6935039 3.5917323 2.705315 3.5917323 0 P 0
L 2.6935039 3.5917323 2.7564961 3.5917323 0 P 0
L 2.6935039 3.6582677 2.6935039 3.6917323 0 P 0
L 2.6935039 3.6582677 2.705315 3.6582677 0 P 0
L 2.6935039 3.6582677 2.7564961 3.6582677 0 P 0
L 2.6935039 3.6917323 2.705315 3.6917323 0 P 0
L 2.6935039 3.6917323 2.7564961 3.6917323 0 P 0
L 2.6978346 2.7702756 2.6978346 2.8797244 0 P 0
L 2.6978346 2.7702756 2.7521654 2.7702756 0 P 0
L 2.6978346 2.8797244 2.7521654 2.8797244 0 P 0
L 2.7 2.3364173 2.7 2.3635827 0 P 0
L 2.705315 3.4582677 2.705315 3.4917323 0 P 0
L 2.705315 3.5582677 2.705315 3.5917323 0 P 0
L 2.705315 3.6582677 2.705315 3.6917323 0 P 0
L 2.7082677 2.7935039 2.7082677 2.805315 0 P 0
L 2.7082677 2.7935039 2.7082677 2.8564961 0 P 0
L 2.7082677 2.7935039 2.7417323 2.7935039 0 P 0
L 2.7082677 2.805315 2.7417323 2.805315 0 P 0
L 2.7082677 2.844685 2.7082677 2.8564961 0 P 0
L 2.7082677 2.844685 2.7417323 2.844685 0 P 0
L 2.7082677 2.8564961 2.7417323 2.8564961 0 P 0
L 2.7114173 2.825 2.7385827 2.825 0 P 0
L 2.7114173 3.475 2.7385827 3.475 0 P 0
L 2.7114173 3.575 2.7385827 3.575 0 P 0
L 2.7114173 3.675 2.7385827 3.675 0 P 0
L 2.7167323 2.3185039 2.7167323 2.330315 0 P 0
L 2.7167323 2.3185039 2.7167323 2.3814961 0 P 0
L 2.7167323 2.369685 2.7167323 2.3814961 0 P 0
L 2.725 2.8114173 2.725 2.8385827 0 P 0
L 2.725 3.4614173 2.725 3.4885827 0 P 0
L 2.725 3.5614173 2.725 3.5885827 0 P 0
L 2.725 3.6614173 2.725 3.6885827 0 P 0
L 2.7271654 2.2952756 2.7271654 2.4047244 0 P 0
L 2.7417323 2.7935039 2.7417323 2.805315 0 P 0
L 2.7417323 2.7935039 2.7417323 2.8564961 0 P 0
L 2.7417323 2.844685 2.7417323 2.8564961 0 P 0
L 2.744685 3.4582677 2.744685 3.4917323 0 P 0
L 2.744685 3.4582677 2.7564961 3.4582677 0 P 0
L 2.744685 3.4917323 2.7564961 3.4917323 0 P 0
L 2.744685 3.5582677 2.744685 3.5917323 0 P 0
L 2.744685 3.5582677 2.7564961 3.5582677 0 P 0
L 2.744685 3.5917323 2.7564961 3.5917323 0 P 0
L 2.744685 3.6582677 2.744685 3.6917323 0 P 0
L 2.744685 3.6582677 2.7564961 3.6582677 0 P 0
L 2.744685 3.6917323 2.7564961 3.6917323 0 P 0
L 2.7521654 2.7702756 2.7521654 2.8797244 0 P 0
L 2.7564961 3.4582677 2.7564961 3.4917323 0 P 0
L 2.7564961 3.5582677 2.7564961 3.5917323 0 P 0
L 2.7564961 3.6582677 2.7564961 3.6917323 0 P 0
L 2.7598425 2.3346457 2.7598425 2.3653543 1 P 0
L 2.7598425 2.3346457 2.7895669 2.3346457 1 P 0
L 2.7598425 2.3653543 2.7895669 2.3653543 1 P 0
L 2.7797244 3.4478346 2.7797244 3.5021654 0 P 0
L 2.7797244 3.5478346 2.7797244 3.6021654 0 P 0
L 2.7797244 3.6478346 2.7797244 3.7021654 0 P 0
L 2.7889764 2.1635827 2.7889764 2.2354331 0 P 0
L 2.7895669 2.2996063 2.7895669 2.3346457 1 P 0
L 2.7895669 2.2996063 2.8604331 2.2996063 1 P 0
L 2.7895669 2.3653543 2.7895669 2.4003937 1 P 0
L 2.7895669 2.4003937 2.8604331 2.4003937 1 P 0
L 2.7954724 3.1730315 2.7954724 3.2269685 1 P 0
L 2.7954724 3.1730315 2.9045276 3.1730315 1 P 0
L 2.7954724 3.2269685 2.9045276 3.2269685 1 P 0
L 2.7954724 3.2980315 2.7954724 3.3519685 1 P 0
L 2.7954724 3.2980315 2.9045276 3.2980315 1 P 0
L 2.7954724 3.3519685 2.9045276 3.3519685 1 P 0
L 2.7978346 2.7702756 2.7978346 2.8797244 0 P 0
L 2.7978346 2.7702756 2.8521654 2.7702756 0 P 0
L 2.7978346 2.8797244 2.8521654 2.8797244 0 P 0
L 2.8082677 2.7935039 2.8082677 2.805315 0 P 0
L 2.8082677 2.7935039 2.8082677 2.8564961 0 P 0
L 2.8082677 2.7935039 2.8417323 2.7935039 0 P 0
L 2.8082677 2.805315 2.8417323 2.805315 0 P 0
L 2.8082677 2.844685 2.8082677 2.8564961 0 P 0
L 2.8082677 2.844685 2.8417323 2.844685 0 P 0
L 2.8082677 2.8564961 2.8417323 2.8564961 0 P 0
L 2.8112205 2.35 2.8387795 2.35 1 P 0
L 2.8114173 2.825 2.8385827 2.825 0 P 0
L 2.825 2.3362205 2.825 2.3637795 1 P 0
L 2.825 2.8114173 2.825 2.8385827 0 P 0
L 2.830315 3.430315 2.830315 3.619685 0 P 0
L 2.830315 3.430315 2.8887795 3.430315 0 P 0
L 2.830315 3.619685 2.8887795 3.619685 0 P 0
L 2.8364173 3.2 2.8635827 3.2 1 P 0
L 2.8364173 3.325 2.8635827 3.325 1 P 0
L 2.8417323 2.7935039 2.8417323 2.805315 0 P 0
L 2.8417323 2.7935039 2.8417323 2.8564961 0 P 0
L 2.8417323 2.844685 2.8417323 2.8564961 0 P 0
L 2.85 3.1864173 2.85 3.2135827 1 P 0
L 2.85 3.3114173 2.85 3.3385827 1 P 0
L 2.8521654 2.7702756 2.8521654 2.8797244 0 P 0
L 2.8604331 2.2996063 2.8604331 2.3090551 1 P 0
L 2.8604331 2.3090551 2.8901575 2.3090551 1 P 0
L 2.8604331 2.3909449 2.8604331 2.4003937 1 P 0
L 2.8604331 2.3909449 2.8901575 2.3909449 1 P 0
L 2.8887795 3.4187008 2.8887795 3.430315 0 P 0
L 2.8887795 3.4187008 3.0612205 3.4187008 0 P 0
L 2.8887795 3.619685 2.8887795 3.6312992 0 P 0
L 2.8887795 3.6312992 3.0612205 3.6312992 0 P 0
L 2.8901575 2.3090551 2.8901575 2.3909449 1 P 0
L 2.8978346 2.7702756 2.8978346 2.8797244 0 P 0
L 2.8978346 2.7702756 2.9521654 2.7702756 0 P 0
L 2.8978346 2.8797244 2.9521654 2.8797244 0 P 0
L 2.9045276 3.1730315 2.9045276 3.2269685 1 P 0
L 2.9045276 3.2980315 2.9045276 3.3519685 1 P 0
L 2.9082677 2.7935039 2.9082677 2.805315 0 P 0
L 2.9082677 2.7935039 2.9082677 2.8564961 0 P 0
L 2.9082677 2.7935039 2.9417323 2.7935039 0 P 0
L 2.9082677 2.805315 2.9417323 2.805315 0 P 0
L 2.9082677 2.844685 2.9082677 2.8564961 0 P 0
L 2.9082677 2.844685 2.9417323 2.844685 0 P 0
L 2.9082677 2.8564961 2.9417323 2.8564961 0 P 0
L 2.9114173 2.825 2.9385827 2.825 0 P 0
L 2.925 2.8114173 2.925 2.8385827 0 P 0
L 2.9402756 2.2978346 2.9402756 2.3521654 0 P 0
L 2.9402756 2.2978346 3.0497244 2.2978346 0 P 0
L 2.9402756 2.3521654 3.0497244 2.3521654 0 P 0
L 2.9417323 2.7935039 2.9417323 2.805315 0 P 0
L 2.9417323 2.7935039 2.9417323 2.8564961 0 P 0
L 2.9417323 2.844685 2.9417323 2.8564961 0 P 0
L 2.9521654 2.7702756 2.9521654 2.8797244 0 P 0
L 2.9612205 3.525 2.9887795 3.525 0 P 0
L 2.9635039 2.3082677 2.9635039 2.3417323 0 P 0
L 2.9635039 2.3082677 2.975315 2.3082677 0 P 0
L 2.9635039 2.3082677 3.0264961 2.3082677 0 P 0
L 2.9635039 2.3417323 2.975315 2.3417323 0 P 0
L 2.9635039 2.3417323 3.0264961 2.3417323 0 P 0
L 2.975 3.5112205 2.975 3.5387795 0 P 0
L 2.975315 2.3082677 2.975315 2.3417323 0 P 0
L 2.9814173 2.325 3.0085827 2.325 0 P 0
L 2.995 2.3114173 2.995 2.3385827 0 P 0
L 3.014685 2.3082677 3.014685 2.3417323 0 P 0
L 3.014685 2.3082677 3.0264961 2.3082677 0 P 0
L 3.014685 2.3417323 3.0264961 2.3417323 0 P 0
L 3.0264961 2.3082677 3.0264961 2.3417323 0 P 0
L 3.0497244 2.2978346 3.0497244 2.3521654 0 P 0
L 3.0612205 3.4187008 3.0612205 3.430315 0 P 0
L 3.0612205 3.430315 3.119685 3.430315 0 P 0
L 3.0612205 3.619685 3.0612205 3.6312992 0 P 0
L 3.0612205 3.619685 3.119685 3.619685 0 P 0
L 3.0687008 4.2137795 3.0687008 4.3862205 0 P 0
L 3.0687008 4.2137795 3.080315 4.2137795 0 P 0
L 3.0687008 4.3862205 3.080315 4.3862205 0 P 0
L 3.080315 4.155315 3.080315 4.2137795 0 P 0
L 3.080315 4.155315 3.269685 4.155315 0 P 0
L 3.080315 4.3862205 3.080315 4.444685 0 P 0
L 3.080315 4.444685 3.269685 4.444685 0 P 0
L 3.1057087 1.6846772 3.1057087 2.5193228 2 P 0
L 3.1057087 1.6846772 3.4442913 1.6846772 2 P 0
L 3.1057087 2.5193228 3.4442913 2.5193228 2 P 0
L 3.1057087 4.5326772 3.1057087 5.3673228 2 P 0
L 3.1057087 4.5326772 3.4442913 4.5326772 2 P 0
L 3.1057087 5.3673228 3.4442913 5.3673228 2 P 0
L 3.119685 3.430315 3.119685 3.619685 0 P 0
L 3.1202756 4.0478346 3.1202756 4.1021654 0 P 0
L 3.1202756 4.0478346 3.2297244 4.0478346 0 P 0
L 3.1202756 4.1021654 3.2297244 4.1021654 0 P 0
L 3.1435039 4.0582677 3.1435039 4.0917323 0 P 0
L 3.1435039 4.0582677 3.155315 4.0582677 0 P 0
L 3.1435039 4.0582677 3.2064961 4.0582677 0 P 0
L 3.1435039 4.0917323 3.155315 4.0917323 0 P 0
L 3.1435039 4.0917323 3.2064961 4.0917323 0 P 0
L 3.155315 4.0582677 3.155315 4.0917323 0 P 0
L 3.1612205 4.3 3.1887795 4.3 0 P 0
L 3.1614173 4.075 3.1885827 4.075 0 P 0
L 3.1730315 3.3454724 3.1730315 3.4545276 1 P 0
L 3.1730315 3.3454724 3.2269685 3.3454724 1 P 0
L 3.1730315 3.4545276 3.2269685 3.4545276 1 P 0
L 3.175 4.0614173 3.175 4.0885827 0 P 0
L 3.175 4.2862205 3.175 4.3137795 0 P 0
L 3.1864173 3.4 3.2135827 3.4 1 P 0
L 3.194685 4.0582677 3.194685 4.0917323 0 P 0
L 3.194685 4.0582677 3.2064961 4.0582677 0 P 0
L 3.194685 4.0917323 3.2064961 4.0917323 0 P 0
L 3.2 3.3864173 3.2 3.4135827 1 P 0
L 3.2064961 4.0582677 3.2064961 4.0917323 0 P 0
L 3.2269685 3.3454724 3.2269685 3.4545276 1 P 0
L 3.2297244 4.0478346 3.2297244 4.1021654 0 P 0
L 3.2628346 3.6496456 3.2628346 3.7590944 0 P 0
L 3.2628346 3.6496456 3.3171654 3.6496456 0 P 0
L 3.2628346 3.7590944 3.3171654 3.7590944 0 P 0
L 3.269685 4.155315 3.269685 4.2137795 0 P 0
L 3.269685 4.2137795 3.2812992 4.2137795 0 P 0
L 3.269685 4.3862205 3.269685 4.444685 0 P 0
L 3.269685 4.3862205 3.2812992 4.3862205 0 P 0
L 3.2730315 3.3454724 3.2730315 3.4545276 1 P 0
L 3.2730315 3.3454724 3.3269685 3.3454724 1 P 0
L 3.2730315 3.4545276 3.3269685 3.4545276 1 P 0
L 3.2732677 3.6728739 3.2732677 3.684685 0 P 0
L 3.2732677 3.6728739 3.2732677 3.7358661 0 P 0
L 3.2732677 3.6728739 3.3067323 3.6728739 0 P 0
L 3.2732677 3.684685 3.3067323 3.684685 0 P 0
L 3.2732677 3.724055 3.2732677 3.7358661 0 P 0
L 3.2732677 3.724055 3.3067323 3.724055 0 P 0
L 3.2732677 3.7358661 3.3067323 3.7358661 0 P 0
L 3.2764173 3.70437 3.3035827 3.70437 0 P 0
L 3.2812992 4.2137795 3.2812992 4.3862205 0 P 0
L 3.2864173 3.4 3.3135827 3.4 1 P 0
L 3.29 3.6907873 3.29 3.7179527 0 P 0
L 3.2980315 4.0954724 3.2980315 4.2045276 1 P 0
L 3.2980315 4.0954724 3.3519685 4.0954724 1 P 0
L 3.2980315 4.2045276 3.3519685 4.2045276 1 P 0
L 3.3 3.3864173 3.3 3.4135827 1 P 0
L 3.3067323 3.6728739 3.3067323 3.684685 0 P 0
L 3.3067323 3.6728739 3.3067323 3.7358661 0 P 0
L 3.3067323 3.724055 3.3067323 3.7358661 0 P 0
L 3.3114173 4.15 3.3385827 4.15 1 P 0
L 3.3171654 3.6496456 3.3171654 3.7590944 0 P 0
L 3.325 4.1364173 3.325 4.1635827 1 P 0
L 3.3269685 3.3454724 3.3269685 3.4545276 1 P 0
L 3.3478346 4.3202756 3.3478346 4.4297244 0 P 0
L 3.3478346 4.3202756 3.4021654 4.3202756 0 P 0
L 3.3478346 4.4297244 3.4021654 4.4297244 0 P 0
L 3.3519685 4.0954724 3.3519685 4.2045276 1 P 0
L 3.3582677 4.3435039 3.3582677 4.355315 0 P 0
L 3.3582677 4.3435039 3.3582677 4.4064961 0 P 0
L 3.3582677 4.3435039 3.3917323 4.3435039 0 P 0
L 3.3582677 4.355315 3.3917323 4.355315 0 P 0
L 3.3582677 4.394685 3.3582677 4.4064961 0 P 0
L 3.3582677 4.394685 3.3917323 4.394685 0 P 0
L 3.3582677 4.4064961 3.3917323 4.4064961 0 P 0
L 3.3614173 4.375 3.3885827 4.375 0 P 0
L 3.375 4.3614173 3.375 4.3885827 0 P 0
L 3.3917323 4.3435039 3.3917323 4.355315 0 P 0
L 3.3917323 4.3435039 3.3917323 4.4064961 0 P 0
L 3.3917323 4.394685 3.3917323 4.4064961 0 P 0
L 3.3980315 4.0954724 3.3980315 4.2045276 1 P 0
L 3.3980315 4.0954724 3.4519685 4.0954724 1 P 0
L 3.3980315 4.2045276 3.4519685 4.2045276 1 P 0
L 3.4021654 4.3202756 3.4021654 4.4297244 0 P 0
L 3.4114173 4.15 3.4385827 4.15 1 P 0
L 3.425 4.1364173 3.425 4.1635827 1 P 0
L 3.4442913 1.6846772 3.4442913 2.5193228 2 P 0
L 3.4442913 4.5326772 3.4442913 5.3673228 2 P 0
L 3.4519685 4.0954724 3.4519685 4.2045276 1 P 0
L 3.4954724 3.2730315 3.4954724 3.3269685 1 P 0
L 3.4954724 3.2730315 3.6045276 3.2730315 1 P 0
L 3.4954724 3.3269685 3.6045276 3.3269685 1 P 0
L 3.5364173 3.3 3.5635827 3.3 1 P 0
L 3.5396456 4.3828346 3.5396456 4.4371654 0 P 0
L 3.5396456 4.3828346 3.6490944 4.3828346 0 P 0
L 3.5396456 4.4371654 3.6490944 4.4371654 0 P 0
L 3.5396456 4.4828346 3.5396456 4.5371654 0 P 0
L 3.5396456 4.4828346 3.6490944 4.4828346 0 P 0
L 3.5396456 4.5371654 3.6490944 4.5371654 0 P 0
L 3.55 3.2864173 3.55 3.3135827 1 P 0
L 3.5530315 3.1254724 3.5530315 3.2345276 1 P 0
L 3.5530315 3.1254724 3.6069685 3.1254724 1 P 0
L 3.5530315 3.2345276 3.6069685 3.2345276 1 P 0
L 3.5628739 4.3932677 3.5628739 4.4267323 0 P 0
L 3.5628739 4.3932677 3.574685 4.3932677 0 P 0
L 3.5628739 4.3932677 3.6258661 4.3932677 0 P 0
L 3.5628739 4.4267323 3.574685 4.4267323 0 P 0
L 3.5628739 4.4267323 3.6258661 4.4267323 0 P 0
L 3.5628739 4.4932677 3.5628739 4.5267323 0 P 0
L 3.5628739 4.4932677 3.574685 4.4932677 0 P 0
L 3.5628739 4.4932677 3.6258661 4.4932677 0 P 0
L 3.5628739 4.5267323 3.574685 4.5267323 0 P 0
L 3.5628739 4.5267323 3.6258661 4.5267323 0 P 0
L 3.5664173 3.18 3.5935827 3.18 1 P 0
L 3.574685 4.3932677 3.574685 4.4267323 0 P 0
L 3.574685 4.4932677 3.574685 4.5267323 0 P 0
L 3.58 3.1664173 3.58 3.1935827 1 P 0
L 3.5807873 4.41 3.6079527 4.41 0 P 0
L 3.5807873 4.51 3.6079527 4.51 0 P 0
L 3.59437 4.3964173 3.59437 4.4235827 0 P 0
L 3.59437 4.4964173 3.59437 4.5235827 0 P 0
L 3.6045276 3.2730315 3.6045276 3.3269685 1 P 0
L 3.6069685 3.1254724 3.6069685 3.2345276 1 P 0
L 3.614055 4.3932677 3.614055 4.4267323 0 P 0
L 3.614055 4.3932677 3.6258661 4.3932677 0 P 0
L 3.614055 4.4267323 3.6258661 4.4267323 0 P 0
L 3.614055 4.4932677 3.614055 4.5267323 0 P 0
L 3.614055 4.4932677 3.6258661 4.4932677 0 P 0
L 3.614055 4.5267323 3.6258661 4.5267323 0 P 0
L 3.6228346 2.7702756 3.6228346 2.8797244 0 P 0
L 3.6228346 2.7702756 3.6771654 2.7702756 0 P 0
L 3.6228346 2.8797244 3.6771654 2.8797244 0 P 0
L 3.6258661 4.3932677 3.6258661 4.4267323 0 P 0
L 3.6258661 4.4932677 3.6258661 4.5267323 0 P 0
L 3.6332677 2.7935039 3.6332677 2.805315 0 P 0
L 3.6332677 2.7935039 3.6332677 2.8564961 0 P 0
L 3.6332677 2.7935039 3.6667323 2.7935039 0 P 0
L 3.6332677 2.805315 3.6667323 2.805315 0 P 0
L 3.6332677 2.844685 3.6332677 2.8564961 0 P 0
L 3.6332677 2.844685 3.6667323 2.844685 0 P 0
L 3.6332677 2.8564961 3.6667323 2.8564961 0 P 0
L 3.6364173 2.825 3.6635827 2.825 0 P 0
L 3.6437008 3.0137795 3.6437008 3.1862205 0 P 0
L 3.6437008 3.0137795 3.655315 3.0137795 0 P 0
L 3.6437008 3.1862205 3.655315 3.1862205 0 P 0
L 3.6490944 4.3828346 3.6490944 4.4371654 0 P 0
L 3.6490944 4.4828346 3.6490944 4.5371654 0 P 0
L 3.65 2.8114173 3.65 2.8385827 0 P 0
L 3.655315 2.955315 3.655315 3.0137795 0 P 0
L 3.655315 2.955315 3.844685 2.955315 0 P 0
L 3.655315 3.1862205 3.655315 3.244685 0 P 0
L 3.655315 3.244685 3.844685 3.244685 0 P 0
L 3.6667323 2.7935039 3.6667323 2.805315 0 P 0
L 3.6667323 2.7935039 3.6667323 2.8564961 0 P 0
L 3.6667323 2.844685 3.6667323 2.8564961 0 P 0
L 3.6771654 2.7702756 3.6771654 2.8797244 0 P 0
L 3.6952756 3.3228346 3.6952756 3.3771654 0 P 0
L 3.6952756 3.3228346 3.8047244 3.3228346 0 P 0
L 3.6952756 3.3771654 3.8047244 3.3771654 0 P 0
L 3.7185039 3.3332677 3.7185039 3.3667323 0 P 0
L 3.7185039 3.3332677 3.730315 3.3332677 0 P 0
L 3.7185039 3.3332677 3.7814961 3.3332677 0 P 0
L 3.7185039 3.3667323 3.730315 3.3667323 0 P 0
L 3.7185039 3.3667323 3.7814961 3.3667323 0 P 0
L 3.730315 3.3332677 3.730315 3.3667323 0 P 0
L 3.7362205 3.1 3.7637795 3.1 0 P 0
L 3.7364173 3.35 3.7635827 3.35 0 P 0
L 3.7478346 2.7702756 3.7478346 2.8797244 0 P 0
L 3.7478346 2.7702756 3.8021654 2.7702756 0 P 0
L 3.7478346 2.8797244 3.8021654 2.8797244 0 P 0
L 3.75 3.0862205 3.75 3.1137795 0 P 0
L 3.75 3.3364173 3.75 3.3635827 0 P 0
L 3.7582677 2.7935039 3.7582677 2.805315 0 P 0
L 3.7582677 2.7935039 3.7582677 2.8564961 0 P 0
L 3.7582677 2.7935039 3.7917323 2.7935039 0 P 0
L 3.7582677 2.805315 3.7917323 2.805315 0 P 0
L 3.7582677 2.844685 3.7582677 2.8564961 0 P 0
L 3.7582677 2.844685 3.7917323 2.844685 0 P 0
L 3.7582677 2.8564961 3.7917323 2.8564961 0 P 0
L 3.7614173 2.825 3.7885827 2.825 0 P 0
L 3.769685 3.3332677 3.769685 3.3667323 0 P 0
L 3.769685 3.3332677 3.7814961 3.3332677 0 P 0
L 3.769685 3.3667323 3.7814961 3.3667323 0 P 0
L 3.775 2.8114173 3.775 2.8385827 0 P 0
L 3.7814961 3.3332677 3.7814961 3.3667323 0 P 0
L 3.7917323 2.7935039 3.7917323 2.805315 0 P 0
L 3.7917323 2.7935039 3.7917323 2.8564961 0 P 0
L 3.7917323 2.844685 3.7917323 2.8564961 0 P 0
L 3.8021654 2.7702756 3.8021654 2.8797244 0 P 0
L 3.8047244 3.3228346 3.8047244 3.3771654 0 P 0
L 3.8307087 1.6846772 3.8307087 2.5193228 2 P 0
L 3.8307087 1.6846772 4.1692913 1.6846772 2 P 0
L 3.8307087 2.5193228 4.1692913 2.5193228 2 P 0
L 3.8307087 4.5326772 3.8307087 5.3673228 2 P 0
L 3.8307087 4.5326772 4.1692913 4.5326772 2 P 0
L 3.8307087 5.3673228 4.1692913 5.3673228 2 P 0
L 3.8328346 3.4202756 3.8328346 3.5297244 0 P 0
L 3.8328346 3.4202756 3.8871654 3.4202756 0 P 0
L 3.8328346 3.5297244 3.8871654 3.5297244 0 P 0
L 3.8432677 3.4435039 3.8432677 3.455315 0 P 0
L 3.8432677 3.4435039 3.8432677 3.5064961 0 P 0
L 3.8432677 3.4435039 3.8767323 3.4435039 0 P 0
L 3.8432677 3.455315 3.8767323 3.455315 0 P 0
L 3.8432677 3.494685 3.8432677 3.5064961 0 P 0
L 3.8432677 3.494685 3.8767323 3.494685 0 P 0
L 3.8432677 3.5064961 3.8767323 3.5064961 0 P 0
L 3.844685 2.955315 3.844685 3.0137795 0 P 0
L 3.844685 3.0137795 3.8562992 3.0137795 0 P 0
L 3.844685 3.1862205 3.844685 3.244685 0 P 0
L 3.844685 3.1862205 3.8562992 3.1862205 0 P 0
L 3.8464173 3.475 3.8735827 3.475 0 P 0
L 3.8562992 3.0137795 3.8562992 3.1862205 0 P 0
L 3.86 3.4614173 3.86 3.4885827 0 P 0
L 3.8728346 2.7702756 3.8728346 2.8797244 0 P 0
L 3.8728346 2.7702756 3.9271654 2.7702756 0 P 0
L 3.8728346 2.8797244 3.9271654 2.8797244 0 P 0
L 3.8767323 3.4435039 3.8767323 3.455315 0 P 0
L 3.8767323 3.4435039 3.8767323 3.5064961 0 P 0
L 3.8767323 3.494685 3.8767323 3.5064961 0 P 0
L 3.8832677 2.7935039 3.8832677 2.805315 0 P 0
L 3.8832677 2.7935039 3.8832677 2.8564961 0 P 0
L 3.8832677 2.7935039 3.9167323 2.7935039 0 P 0
L 3.8832677 2.805315 3.9167323 2.805315 0 P 0
L 3.8832677 2.844685 3.8832677 2.8564961 0 P 0
L 3.8832677 2.844685 3.9167323 2.844685 0 P 0
L 3.8832677 2.8564961 3.9167323 2.8564961 0 P 0
L 3.8864173 2.825 3.9135827 2.825 0 P 0
L 3.8871654 3.4202756 3.8871654 3.5297244 0 P 0
L 3.8980315 4.0704724 3.8980315 4.1795276 1 P 0
L 3.8980315 4.0704724 3.9519685 4.0704724 1 P 0
L 3.8980315 4.1795276 3.9519685 4.1795276 1 P 0
L 3.9 2.8114173 3.9 2.8385827 0 P 0
L 3.9114173 4.125 3.9385827 4.125 1 P 0
L 3.9167323 2.7935039 3.9167323 2.805315 0 P 0
L 3.9167323 2.7935039 3.9167323 2.8564961 0 P 0
L 3.9167323 2.844685 3.9167323 2.8564961 0 P 0
L 3.9228346 3.6952756 3.9228346 3.8047244 0 P 0
L 3.9228346 3.6952756 3.9771654 3.6952756 0 P 0
L 3.9228346 3.8047244 3.9771654 3.8047244 0 P 0
L 3.925 4.1114173 3.925 4.1385827 1 P 0
L 3.9271654 2.7702756 3.9271654 2.8797244 0 P 0
L 3.9332677 3.7185039 3.9332677 3.730315 0 P 0
L 3.9332677 3.7185039 3.9332677 3.7814961 0 P 0
L 3.9332677 3.7185039 3.9667323 3.7185039 0 P 0
L 3.9332677 3.730315 3.9667323 3.730315 0 P 0
L 3.9332677 3.769685 3.9332677 3.7814961 0 P 0
L 3.9332677 3.769685 3.9667323 3.769685 0 P 0
L 3.9332677 3.7814961 3.9667323 3.7814961 0 P 0
L 3.9364173 3.75 3.9635827 3.75 0 P 0
L 3.95 3.7364173 3.95 3.7635827 0 P 0
L 3.9519685 4.0704724 3.9519685 4.1795276 1 P 0
L 3.9667323 3.7185039 3.9667323 3.730315 0 P 0
L 3.9667323 3.7185039 3.9667323 3.7814961 0 P 0
L 3.9667323 3.769685 3.9667323 3.7814961 0 P 0
L 3.9771654 3.6952756 3.9771654 3.8047244 0 P 0
L 3.9980315 4.0704724 3.9980315 4.1795276 1 P 0
L 3.9980315 4.0704724 4.0519685 4.0704724 1 P 0
L 3.9980315 4.1795276 4.0519685 4.1795276 1 P 0
L 4.0114173 4.125 4.0385827 4.125 1 P 0
L 4.025 4.1114173 4.025 4.1385827 1 P 0
L 4.0478346 3.6952756 4.0478346 3.8047244 0 P 0
L 4.0478346 3.6952756 4.1021654 3.6952756 0 P 0
L 4.0478346 3.8047244 4.1021654 3.8047244 0 P 0
L 4.0519685 4.0704724 4.0519685 4.1795276 1 P 0
L 4.0582677 3.7185039 4.0582677 3.730315 0 P 0
L 4.0582677 3.7185039 4.0582677 3.7814961 0 P 0
L 4.0582677 3.7185039 4.0917323 3.7185039 0 P 0
L 4.0582677 3.730315 4.0917323 3.730315 0 P 0
L 4.0582677 3.769685 4.0582677 3.7814961 0 P 0
L 4.0582677 3.769685 4.0917323 3.769685 0 P 0
L 4.0582677 3.7814961 4.0917323 3.7814961 0 P 0
L 4.0614173 3.75 4.0885827 3.75 0 P 0
L 4.075 3.7364173 4.075 3.7635827 0 P 0
L 4.0811024 3.9035433 4.0811024 4.0964567 1 P 0
L 4.0811024 3.9035433 4.096063 3.9035433 1 P 0
L 4.0811024 4.0964567 4.096063 4.0964567 1 P 0
L 4.0917323 3.7185039 4.0917323 3.730315 0 P 0
L 4.0917323 3.7185039 4.0917323 3.7814961 0 P 0
L 4.0917323 3.769685 4.0917323 3.7814961 0 P 0
L 4.096063 3.853937 4.096063 3.9035433 1 P 0
L 4.096063 3.853937 4.203937 3.853937 1 P 0
L 4.096063 4.0964567 4.096063 4.146063 1 P 0
L 4.096063 4.146063 4.203937 4.146063 1 P 0
L 4.1021654 3.6952756 4.1021654 3.8047244 0 P 0
L 4.1228346 4.1952756 4.1228346 4.3047244 0 P 0
L 4.1228346 4.1952756 4.1771654 4.1952756 0 P 0
L 4.1228346 4.3047244 4.1771654 4.3047244 0 P 0
L 4.1332677 4.2185039 4.1332677 4.230315 0 P 0
L 4.1332677 4.2185039 4.1332677 4.2814961 0 P 0
L 4.1332677 4.2185039 4.1667323 4.2185039 0 P 0
L 4.1332677 4.230315 4.1667323 4.230315 0 P 0
L 4.1332677 4.269685 4.1332677 4.2814961 0 P 0
L 4.1332677 4.269685 4.1667323 4.269685 0 P 0
L 4.1332677 4.2814961 4.1667323 4.2814961 0 P 0
L 4.1362205 4 4.1637795 4 1 P 0
L 4.1364173 4.25 4.1635827 4.25 0 P 0
L 4.15 3.9862205 4.15 4.0137795 1 P 0
L 4.15 4.2364173 4.15 4.2635827 0 P 0
L 4.1667323 4.2185039 4.1667323 4.230315 0 P 0
L 4.1667323 4.2185039 4.1667323 4.2814961 0 P 0
L 4.1667323 4.269685 4.1667323 4.2814961 0 P 0
L 4.1692913 1.6846772 4.1692913 2.5193228 2 P 0
L 4.1692913 4.5326772 4.1692913 5.3673228 2 P 0
L 4.1728346 3.6952756 4.1728346 3.8047244 0 P 0
L 4.1728346 3.6952756 4.2271654 3.6952756 0 P 0
L 4.1728346 3.8047244 4.2271654 3.8047244 0 P 0
L 4.1771654 4.1952756 4.1771654 4.3047244 0 P 0
L 4.1832677 3.7185039 4.1832677 3.730315 0 P 0
L 4.1832677 3.7185039 4.1832677 3.7814961 0 P 0
L 4.1832677 3.7185039 4.2167323 3.7185039 0 P 0
L 4.1832677 3.730315 4.2167323 3.730315 0 P 0
L 4.1832677 3.769685 4.1832677 3.7814961 0 P 0
L 4.1832677 3.769685 4.2167323 3.769685 0 P 0
L 4.1832677 3.7814961 4.2167323 3.7814961 0 P 0
L 4.1864173 3.75 4.2135827 3.75 0 P 0
L 4.2 3.7364173 4.2 3.7635827 0 P 0
L 4.203937 3.853937 4.203937 3.9035433 1 P 0
L 4.203937 3.9035433 4.2188976 3.9035433 1 P 0
L 4.203937 4.0964567 4.203937 4.146063 1 P 0
L 4.203937 4.0964567 4.2188976 4.0964567 1 P 0
L 4.2167323 3.7185039 4.2167323 3.730315 0 P 0
L 4.2167323 3.7185039 4.2167323 3.7814961 0 P 0
L 4.2167323 3.769685 4.2167323 3.7814961 0 P 0
L 4.2188976 3.9035433 4.2188976 4.0964567 1 P 0
L 4.2271654 3.6952756 4.2271654 3.8047244 0 P 0
L 4.2498819 2.9922047 4.2498819 3.1077953 0 P 0
L 4.2498819 2.9922047 4.2826772 2.9922047 0 P 0
L 4.2498819 3.1077953 4.2826772 3.1077953 0 P 0
L 4.2702756 3.9228346 4.2702756 3.9771654 0 P 0
L 4.2702756 3.9228346 4.3797244 3.9228346 0 P 0
L 4.2702756 3.9771654 4.3797244 3.9771654 0 P 0
L 4.2702756 4.0228346 4.2702756 4.0771654 0 P 0
L 4.2702756 4.0228346 4.3797244 4.0228346 0 P 0
L 4.2702756 4.0771654 4.3797244 4.0771654 0 P 0
L 4.2826772 2.9830709 4.2826772 2.9922047 0 P 0
L 4.2826772 2.9830709 4.3673228 2.9830709 0 P 0
L 4.2826772 3.1077953 4.2826772 3.1169291 0 P 0
L 4.2826772 3.1169291 4.3673228 3.1169291 0 P 0
L 4.2935039 3.9332677 4.2935039 3.9667323 0 P 0
L 4.2935039 3.9332677 4.305315 3.9332677 0 P 0
L 4.2935039 3.9332677 4.3564961 3.9332677 0 P 0
L 4.2935039 3.9667323 4.305315 3.9667323 0 P 0
L 4.2935039 3.9667323 4.3564961 3.9667323 0 P 0
L 4.2935039 4.0332677 4.2935039 4.0667323 0 P 0
L 4.2935039 4.0332677 4.305315 4.0332677 0 P 0
L 4.2935039 4.0332677 4.3564961 4.0332677 0 P 0
L 4.2935039 4.0667323 4.305315 4.0667323 0 P 0
L 4.2935039 4.0667323 4.3564961 4.0667323 0 P 0
L 4.2978346 3.6952756 4.2978346 3.8047244 0 P 0
L 4.2978346 3.6952756 4.3521654 3.6952756 0 P 0
L 4.2978346 3.8047244 4.3521654 3.8047244 0 P 0
L 4.305315 3.9332677 4.305315 3.9667323 0 P 0
L 4.305315 4.0332677 4.305315 4.0667323 0 P 0
L 4.3082677 3.7185039 4.3082677 3.730315 0 P 0
L 4.3082677 3.7185039 4.3082677 3.7814961 0 P 0
L 4.3082677 3.7185039 4.3417323 3.7185039 0 P 0
L 4.3082677 3.730315 4.3417323 3.730315 0 P 0
L 4.3082677 3.769685 4.3082677 3.7814961 0 P 0
L 4.3082677 3.769685 4.3417323 3.769685 0 P 0
L 4.3082677 3.7814961 4.3417323 3.7814961 0 P 0
L 4.3112205 3.05 4.3387795 3.05 0 P 0
L 4.3114173 3.75 4.3385827 3.75 0 P 0
L 4.3114173 3.95 4.3385827 3.95 0 P 0
L 4.3114173 4.05 4.3385827 4.05 0 P 0
L 4.325 3.0362205 4.325 3.0637795 0 P 0
L 4.325 3.7364173 4.325 3.7635827 0 P 0
L 4.325 3.9364173 4.325 3.9635827 0 P 0
L 4.325 4.0364173 4.325 4.0635827 0 P 0
L 4.3417323 3.7185039 4.3417323 3.730315 0 P 0
L 4.3417323 3.7185039 4.3417323 3.7814961 0 P 0
L 4.3417323 3.769685 4.3417323 3.7814961 0 P 0
L 4.344685 3.9332677 4.344685 3.9667323 0 P 0
L 4.344685 3.9332677 4.3564961 3.9332677 0 P 0
L 4.344685 3.9667323 4.3564961 3.9667323 0 P 0
L 4.344685 4.0332677 4.344685 4.0667323 0 P 0
L 4.344685 4.0332677 4.3564961 4.0332677 0 P 0
L 4.344685 4.0667323 4.3564961 4.0667323 0 P 0
L 4.3478346 2.8202756 4.3478346 2.9297244 0 P 0
L 4.3478346 2.8202756 4.4021654 2.8202756 0 P 0
L 4.3478346 2.9297244 4.4021654 2.9297244 0 P 0
L 4.3521654 3.6952756 4.3521654 3.8047244 0 P 0
L 4.3564961 3.9332677 4.3564961 3.9667323 0 P 0
L 4.3564961 4.0332677 4.3564961 4.0667323 0 P 0
L 4.3582677 2.8435039 4.3582677 2.855315 0 P 0
L 4.3582677 2.8435039 4.3582677 2.9064961 0 P 0
L 4.3582677 2.8435039 4.3917323 2.8435039 0 P 0
L 4.3582677 2.855315 4.3917323 2.855315 0 P 0
L 4.3582677 2.894685 4.3582677 2.9064961 0 P 0
L 4.3582677 2.894685 4.3917323 2.894685 0 P 0
L 4.3582677 2.9064961 4.3917323 2.9064961 0 P 0
L 4.3614173 2.875 4.3885827 2.875 0 P 0
L 4.3673228 2.9830709 4.3673228 2.9922047 0 P 0
L 4.3673228 2.9922047 4.4001181 2.9922047 0 P 0
L 4.3673228 3.1077953 4.3673228 3.1169291 0 P 0
L 4.3673228 3.1077953 4.4001181 3.1077953 0 P 0
L 4.3704724 3.1730315 4.3704724 3.2269685 1 P 0
L 4.3704724 3.1730315 4.4795276 3.1730315 1 P 0
L 4.3704724 3.2269685 4.4795276 3.2269685 1 P 0
L 4.3704724 3.2730315 4.3704724 3.3269685 1 P 0
L 4.3704724 3.2730315 4.4795276 3.2730315 1 P 0
L 4.3704724 3.3269685 4.4795276 3.3269685 1 P 0
L 4.375 2.8614173 4.375 2.8885827 0 P 0
L 4.3797244 3.9228346 4.3797244 3.9771654 0 P 0
L 4.3797244 4.0228346 4.3797244 4.0771654 0 P 0
L 4.3917323 2.8435039 4.3917323 2.855315 0 P 0
L 4.3917323 2.8435039 4.3917323 2.9064961 0 P 0
L 4.3917323 2.894685 4.3917323 2.9064961 0 P 0
L 4.4001181 2.9922047 4.4001181 3.1077953 0 P 0
L 4.4021654 2.8202756 4.4021654 2.9297244 0 P 0
L 4.4114173 3.2 4.4385827 3.2 1 P 0
L 4.4114173 3.3 4.4385827 3.3 1 P 0
L 4.425 3.1864173 4.425 3.2135827 1 P 0
L 4.425 3.2864173 4.425 3.3135827 1 P 0
L 4.4795276 3.1730315 4.4795276 3.2269685 1 P 0
L 4.4795276 3.2730315 4.4795276 3.3269685 1 P 0
